1 1 0 12000 0 0.499405 69.9738 0 79.9562 0 1.27 0 1.27 0 50.5 139.6
19.79 0 0 0 0 0 0 0;
0.78 0.264118 0.557941 12000 2117.65 0.1 146.02 0 146.02 0 1.27 0 1.27
0 90 484.4 55.54 0 0 0 0 0 0 0;
0.35 1 0 12000 0 1.20013 300.159 0 300.159 0 1.27 0 1.27 0 50 283 39.55
0 0 0 0 0 0 0;
0.35 1 0 12000 0 0.700363 109.927 0 109.927 0 1.27 0 1.27 0 30 441.5
48.63 0 0 0 0 0 0 0;
0.33 0.75 1 12000 9000 1.20013 39.9998 0 39.9998 0 1.27 0 127 75.0047
20 6392 127 5 5 0.899868 0.199875 99.9938 85.0153 0;
0.25 0.5 1 12000 9000 1.20013 130.008 0 130.008 0 1.27 0 100.063 75.0047
20 6392 127 5 5 0.500118 0.500118 99.9938 85.0153 0;
0.79 0 1 12000 2001.18 5.00438 270.133 0 250.005 0 108.977 127 1.27
0 0 24 8.628 0 0 0 0 69.9994 77.9929 0;
0.53 1 1 3998.82 0 0.799805 15.9997 0 15.9997 0 24.9989 127 30.0146
29.9944 4.5 2263 82.21 0 0 0 0 99.9938 89.9832 0;
