1 1 0.199706 52.9412 0 0.1 104.397 0 304.058 0.0143382 24.4299 7.69471
96.4699 16.9209 54.9265 318.447 21.3659 0 1 0 0 0 0 42.8438;
0.527353 1 0.422941 8100 0 0.142007 120.062 0 101.518 0.0500735 36.2816
20.5441 1.27 0 29.28 484.458 56.06 0 0 0 0 74.295 6.16324 52.2568;
0.307059 1 0.0211765 504.706 324.706 0.483403 300.159 0.167647 300.159
0.0236029 84.2497 2.01706 1.27 0 49.6324 435.961 39.55 0 0 0 0 0 0
37.6891;
0.26 1 0.0220588 684.706 469.412 0.367896 268.396 0.164706 301.453
0.0249265 96.8627 3.66059 1.27 0 49.4118 497.515 47.4009 0 0 0 0 0
0 39.1459;
0.171471 0.977647 1 12000 2523.53 0.1 44.6374 0 1 0.0518382 11.1063
44.8235 127 82.1765 33.5294 5074 115.271 2 5 0.229985 0.314007 0 0
56.0294;
0.171765 0.970588 1 12000 2848.24 0.243952 124.533 0.0397059 140.777
0.0564706 11.1063 44.3006 127 127 55.3676 5076.81 115.122 5 5 0.223963
0.314294 0 0 61.4456;
0.710588 0.264706 1 12000 2530.59 5.00438 270.133 0 250.005 0.110294
108.977 127 1.27 0 0 24 8.628 0 0 0 0 69.9994 77.9929 52.2941;
0.647647 1 1 3998.82 0 0.799805 15.9997 0 15.9997 0.0280147 24.9989
127 30.0146 29.9944 4.5 2263 82.21 0 0 0 0 99.9938 89.9832 85.9118
;
