1 1 0 0 0 0.700363 286.286 0 286.286 0.0330882 16.01 20.3947 1.27 0
65.5 238 11 0 0 0 0 0 0 0;
0.6 0.857059 1 5721.18 0 0.142007 100.001 0 100.001 0.0659559 19.9923
30.5174 1.27 0 41.1 447.4 40 5 0 0.500118 0 0 0 0;
0.747059 1 0 9712.94 6857.65 1.14149 199.893 1 199.893 0.15 1.27 0
56.8057 60.5118 50 242 33.6 0 0 0 0 0 0 0;
0.534118 1 0 0 0 0.700363 199.893 1 199.893 0.157941 19.9923 127 1.27
0 30 320 39.48 0 0 0 0 0 0 0;
0.157059 0.75 1 12000 4669.41 1.23058 31.7081 0 31.7081 0.0860294 48.744
127 127 127 10.7 4560 112.7 5 5 0.509868 0.199875 94.6524 41.4244 0
;
0.270882 0.82 1 12000 4948.24 1.56905 166.135 0 166.135 0.0800735 48.3495
127 127 127 21.5 459 112.7 5 5 0.500118 0.172059 94.6524 28.2388 0
;
0.265882 0.255882 0.857059 12000 0 0.857918 198.181 0 198.181 0.00992647
84.4782 127 1.27 0 0 0 113.2 1 0 0.416956 0 84.6044 12.1024 0;
0.584118 1 1 3998.82 0 0.857918 15.9997 0 15.9997 0.0730147 30.0146
127 31.5144 33.2815 6.43 1789 70.22 0 0 0 0 99.9938 89.9832 0;
