1 1 0 0 0 0.25014 500.815 0 500.815 0.00992647 1.27 0 1.27 0 91 158
29.47 0 0 0 0 0 0 0;
0.540882 1 0.5 9141.18 0 0.142007 138.078 0 131.131 0.0200735 6.05395
30.2185 12.9958 47.6624 113.5 340.8 12.28 0 0 0 0 72.5021 6.05118 0
;
0.825882 1 0 0 0 1.28411 267.244 0 267.244 0.0500735 19.9923 1.00853
7.68366 18.0041 45.7 352 41.42 0 0 0 0 0 0 0;
1 1 0 0 0 0.570313 290.005 0 290.005 0.0500735 19.9923 2.98824 7.73588
18.0041 30 372.5 51.47 0 0 0 0 0 0 0;
0.255882 0.75 1 12000 6285.88 1.14149 45.0231 0 45.0231 0.0200735 127
127 100.335 75.0047 20 6392 127 5 5 0.899868 0.153132 112.507 73.9962
0;
0.239118 0.88 1 12000 6285.88 1.14149 231.377 0 231.377 0 127 127 100.063
75.0047 35.7 6392 127 5 5 0.139081 0.500118 111.984 66.4882 0;
0.409118 1 0.19 12000 2001.18 5.00438 26.6955 0 26.6955 0.0999265 108.977
127 22.0104 29.9944 5 535.8 60.36 4 0 0 0 0 0 0;
0.247941 1 0.144118 11901.2 1443.53 6.57559 31.0334 0 31.0334 0.0800735
107.948 127 23.4889 29.9944 8.214 1114.9 66 4 0 0 0 0 0 0;
