1 1 0 0 0 0.200151 131.413 0.795882 207.784 0 1.27 0 1.27 0 50 109.5
20 0 0 0 0 0 0 0;
0.764118 0.245 0.764118 4796.47 367.059 0.205743 15.2602 0.814118 64.3434
0 1.27 0 1.27 0 39 374.4 58 0 0 0 0 0 0 0;
0.5 1 0 0 0 0.805838 43.3133 0.705 141.384 0 29.4908 78.4412 88.6995
78.4412 21.6 385.5 46.76 0 2 0 0 0 0 0;
0.5 1 0 0 0 0.700363 45.3146 0.7 135.14 0 41.7133 77.9929 88.6995 78.4412
10.6 441.5 48.78 0 2 0 0 0 0 0;
0.212059 0.75 1 12000 8117.65 0.142007 49.174 0 1 0.00992647 11.1063
44.7862 127 115.682 58.45 5074 115.8 5 5 0.229985 0.314007 0 0 0;
0.735 0.794118 1 12000 9000 0.1 39.9139 0.882059 144.458 0.00992647
11.1063 39.5941 127 107.203 65 5186 116.7 5 5 0.236007 0.258088 89.6097
34.4768 0;
0.230882 1 1 11576.5 2001.18 0.178814 21.8556 0.305882 80.8208 0.0200735
32.6883 127 30.0146 15.0159 10.36 1622 71 5 0 0 0 0 0 0;
0.205882 1 1 11731.8 1111.76 0.799805 21.9498 0.294118 63.5183 0.00992647
32.7769 127 30.0146 15.0532 4.5 2260 82.21 0 0 0.344118 0 0 0 0;
