1 1 0 0 0 0.999562 100.001 0 100.001 0.06 19.9923 19.9838 11.9977 18.1162
40 120 19.75 0 0 0 0 0 0 0;
1 1 0.35 7662.35 0 0.142007 101.518 0 101.518 0.0500735 36.2816 20.5441
1.27 0 29.28 484.4 56.06 0 0 0 0 54.4232 18.0041 0;
0.2 1 0 0 0 0.999562 369.797 0 369.797 0.0200735 44.0953 5.08 1.27
0 50 283 39.66 0 0 0 0 0 0 0;
0.2 1 0 0 0 2.00063 282.008 0 282.008 0.0200735 43.976 8.29235 1.27
0 40 441.5 48.59 0 0 0 0 0 0 0;
0.35 0.75 1 6998.82 6998.82 1.39828 30.1776 0 30.1776 0.00992647 37.4804
101.002 127 75.0047 20 6362 127 5 5 0.527934 0.603066 99.9938 85.0153
0;
0.15 0.952059 1 6589.41 7856.47 0.570313 170.113 0 170.113 0.00992647
37.4296 100.517 73.9772 76.0132 20 6362 127 5 5 0.548007 0.634037 99.9938
60.5118 0;
0.25 1 1 12000 2001.18 0.570313 80.3009 0 80.3009 0.0200735 108.977
127 1.27 0 0 24 8.74 5 0 0.184963 0 69.5138 68.9909 0;
0.3 1 1 3998.82 0 0.714541 26.6955 0 26.6955 0.0200735 24.9989 127
30.0146 29.9944 4.642 2260 82.21 0 0 0 0 99.9938 102.609 0;
