1 1 0.285 1143.53 0 1.14149 160.17 0 160.17 0 1.27 0 24.1012 30.2185
40.35 132 4.535 1 1 0 0 0 0 0;
0.53 0.35 1 3998.82 0 0.999562 139.872 0 120.062 0 84.7074 127 33.6314
48.3721 1.42 200 39.23 5 1 0.880081 0 0 0 0;
0.53 0.8 1 5001.18 0 0.999562 100.001 0 79.9562 0 39.9981 127 1.27
0 80 198 20.61 1 0 0 0 0 0 0;
0.25 1 0 0 0 0.999562 499.739 1 499.739 0 1.27 0 11.9977 127 170 1200
26 3 4 0 0 0 0 0;
1 1 0 0 0 1.80084 39.9998 0 35.0059 0 1.27 0 68.4807 54.4232 1.5 400
19.23 5 0 0.899868 0 0 0 0;
0.3 1 0 0 0 1.14149 543.469 0 543.469 0 24.4962 127 30.5892 127 160
898 63.5 5 4 0.800074 0 0 0 0;
0.53 1 0 0 0 1.49987 280.194 0 250.005 0 1.27 0 24.1994 99.3588 16.4
1692 104.1 1 0 0 0 0 0 0;
0.7 0.75 1 12000 9000 1.20013 39.9998 0 39.9998 0 1.27 0 127 127 20
4560 112.8 1 5 0.899868 0.199875 99.9938 85.0153 0;
