1 1 0.0158824 511.765 0 0.1 200.324 0 200.755 0.0143382 21.0197 1.38206
127 19.3862 50.9559 333.369 19.1621 0 0 0 0 0 0 0;
0.462059 0.260294 1 11075.3 130.588 0.1 15.1947 0.764706 151.784 0.0441176
40.4886 56.0294 45.614 97.1176 134.779 465.805 50.7626 1 0 0.544853
0 119.529 33.6176 0;
0.764706 1 0 0 0 0.480987 372.191 0.794118 300.159 0.208676 1.27 13.4844
1.27 0 26.4706 523.629 39.6688 0 0 0 0 0 0 0;
1 0.617647 0.588235 0 0 0.1 302.753 0 299.514 0 14.2303 127 127 52.0326
26.9118 393.059 11.2059 2 0 0.315441 0.315441 37.3529 0 112.059;
0.349118 1 1 12000 7242.35 0.1 39.9998 0 39.9998 0.0441176 1.27 22.4118
127 82.1765 152.426 6392 127 5 5 0.430147 0.199875 81.3174 44.8235
0;
0.0691177 0.683529 1 12000 7221.18 0.1 178.74 1 198.181 0.0730147 1.27
33.5056 127 75.3409 20 6362 108.324 5 5 0.435309 0.247478 0 0 0;
0.437059 0.794118 1 12000 123.529 0.1 170.113 0.764706 193.963 0.234706
108.977 56.0294 127 127 0 31.1918 14.9412 0 0 0 0 60.9226 17.4438 0
;
0.441765 0.147059 0.588235 8234.12 8823.53 4.06492 29.9191 0.424118
384.395 0.0372794 3.27769 44.8235 10.1565 63.5 4.5 4127.38 33.655 4
5 0.516176 0.372794 75.0047 7.47059 0;
