1 1 0.0158824 511.765 0 0.1 200.324 0 200.755 0.0143382 21.0197 1.38206
127 19.3862 50.9559 333.369 19.1621 0 0 0 0 0 0 0;
0.462059 0.260294 1 11075.3 130.588 0.1 15.1947 0.764706 151.784 0.0441176
40.4886 56.0294 45.614 97.1176 134.779 465.805 50.7626 1 0 0.544853
0 119.529 33.6176 0;
0.764706 1 0 0 0 0.480987 372.191 0.794118 300.159 0.208676 1.27 13.4844
1.27 0 26.4706 523.629 39.6688 0 0 0 0 0 0 0;
0.534706 1 0 0 0 0.1 302.753 0 299.514 0.205368 14.2303 127 127 14.6797
26.9118 613.164 43.3668 0 0 0 0 0 0 0;
0.349118 1 1 12000 7242.35 0.1 39.9998 0 39.9998 0.0441176 1.27 22.4118
127 82.1765 152.426 6392 127 5 5 0.430147 0.199875 81.3174 44.8235
0;
0.0691177 0.683529 1 12000 7221.18 0.1 178.74 1 198.181 0.0730147 1.27
33.5056 127 75.3409 20 6362 108.324 5 5 0.435309 0.247478 0 0 0;
0.437059 0.794118 1 12000 123.529 0.1 170.113 0.764706 193.963 0.234706
108.977 56.0294 127 127 0 31.1918 14.9412 0 0 0 0 60.9226 17.4438 0
;
0.412353 0.705882 1 3998.82 8823.53 0.156581 24.1287 0.100588 23.4633
0.0372794 24.9989 18.6765 30.0146 127 4.5 2263 82.21 5 0 0.0286765
0 75.0047 7.47059 0;
