1 1 0 0 0 19.9976 84.9197 0.8 199.893 0 1.27 0 1.27 0 20 48.95 36 1
0 0 0 0 0 0;
1 1 0 0 0 19.9976 84.9197 0.8 199.893 0 1.27 0 1.27 0 20 54.5 38 1
0 0 0 0 0 0;
1 1 0 0 0 19.9976 84.9197 0.8 199.893 0 1.27 0 1.27 0 20 61.5 41 1
0 0 0 0 0 0;
1 1 0 0 0 19.9976 84.9197 0.8 199.893 0 1.27 0 1.27 0 20 65 43 1 0
0 0 0 0 0;
1 1 0 0 0 19.9976 84.9197 0.8 199.893 0 1.27 0 1.27 0 20 32.25 48 1
0 0 0 0 0 0;
1 1 0 0 0 19.9976 84.9197 0.8 199.893 0 1.27 0 1.27 0 20 36.65 50 1
0 0 0 0 0 0;
1 1 0 0 0 19.9976 84.9197 0.8 199.893 0 1.27 0 1.27 0 20 41.1 53 1
0 0 0 0 0 0;
1 1 0 0 0 19.9976 84.9197 0.8 199.893 0 1.27 0 1.27 0 20 43.65 55 1
0 0 0 0 0 0;
