1 1 0 0 0 19.9976 84.9197 0.8 300.159 0 1.27 0 1.27 0 20 48.95 36 2
0 0 0 0 0 0;
1 1 0 0 0 19.9976 84.9197 0.8 300.159 0 1.27 0 1.27 0 20 54.5 38 2
0 0 0 0 0 0;
1 1 0 0 0 19.9976 84.9197 0.8 300.159 0 1.27 0 1.27 0 20 61.5 41 2
0 0 0 0 0 0;
1 1 0 0 0 19.9976 84.9197 0.8 300.159 0 1.27 0 1.27 0 20 65 43 2 0
0 0 0 0 0;
1 1 0 0 0 19.9976 84.9197 0.8 300.159 0 1.27 0 1.27 0 20 32.25 48 2
0 0 0 0 0 0;
1 1 0 0 0 19.9976 84.9197 0.8 300.159 0 1.27 0 1.27 0 20 36.65 50 2
0 0 0 0 0 0;
1 1 0 0 0 19.9976 84.9197 0.8 300.159 0 1.27 0 1.27 0 20 41.1 53 2
0 0 0 0 0 0;
1 1 0 0 0 19.9976 84.9197 0.8 300.159 0 1.27 0 1.27 0 20 43.65 55 2
0 0 0 0 0 0;
