1 1 0 0 0 19.9976 199.893 0.8 499.739 0 1.27 0 1.27 0 0 48.95 36 0
0 0 0 0 0 0;
1 1 0 0 0 19.9976 199.893 0.8 499.739 0 1.27 0 1.27 0 0 54.5 38 0 0
0 0 0 0 0;
1 1 0 0 0 19.9976 199.893 0.8 499.739 0 1.27 0 1.27 0 0 61.5 41 0 0
0 0 0 0 0;
1 1 0 0 0 19.9976 199.893 0.8 499.739 0 1.27 0 1.27 0 0 65 43 0 0 0
0 0 0 0;
1 1 0 0 0 19.9976 199.893 0.8 499.739 0 1.27 0 1.27 0 0 32.25 48 0
0 0 0 0 0 0;
1 1 0 0 0 19.9976 199.893 0.8 499.739 0 1.27 0 1.27 0 0 36.65 50 0
0 0 0 0 0 0;
1 1 0 0 0 19.9976 199.893 0.8 499.739 0 1.27 0 1.27 0 0 41.1 53 0 0
0 0 0 0 0;
1 1 0 0 0 19.9976 199.893 0.8 499.739 0 1.27 0 1.27 0 0 43.65 55 0
0 0 0 0 0 0;
