1 1 0 0 0 19.9976 84.9197 0.8 300.159 0 1.27 0 1.27 0 20 48.95 36 4
0 0 0 0 0 0;
1 1 0 0 0 19.9976 84.9197 0.8 300.159 0 1.27 0 1.27 0 20 54.5 38 4
0 0 0 0 0 0;
1 1 0 0 0 19.9976 84.9197 0.8 300.159 0 1.27 0 1.27 0 20 61.5 41 4
0 0 0 0 0 0;
1 1 0 0 0 19.9976 84.9197 0.8 300.159 0 1.27 0 1.27 0 20 65 43 4 0
0 0 0 0 0;
1 1 0 0 0 19.9976 84.9197 0.8 300.159 0 1.27 0 1.27 0 20 32.25 48 4
0 0 0 0 0 0;
1 1 0 0 0 19.9976 84.9197 0.8 300.159 0 1.27 0 1.27 0 20 36.65 50 4
0 0 0 0 0 0;
1 1 0 0 0 19.9976 84.9197 0.8 300.159 0 1.27 0 1.27 0 20 41.1 53 4
0 0 0 0 0 0;
1 1 0 0 0 19.9976 84.9197 0.8 300.159 0 1.27 0 1.27 0 20 43.65 55 4
0 0 0 0 0 0;
